32
0 1496 2045 1679 1555 1579 1948 1279 1370 1812 1325 1826 1890 1718 1246 1987 1505 1828 2038 1798 1251 1176 2000 1881 1984 1724 1197 1659 1817 1045 1120 1708 
1496 0 1864 1171 1501 1276 1558 1247 2008 1024 1310 1623 1827 1071 1622 1895 1847 1529 1786 1772 1379 1916 1314 1357 2018 1545 1557 1225 1838 1539 1026 1797 
2045 1864 0 1108 1105 1130 1780 1464 1747 1275 1805 1447 1376 1129 1148 1134 1633 1398 1432 1902 1699 1732 1483 1146 1068 1568 1998 1478 1057 1611 1698 1271 
1679 1171 1108 0 1426 1578 1566 1257 1717 1898 1697 1393 1696 1595 1090 1612 1537 1581 1714 1358 1619 1126 1651 1887 1080 1577 1100 1311 1457 1765 1378 1429 
1555 1501 1105 1426 0 1076 1151 1507 1392 1983 1677 1819 1044 1087 1408 1760 1588 1456 1944 1446 1154 1723 1716 1484 1490 1653 1980 1049 1781 1849 1511 1492 
1579 1276 1130 1578 1076 0 2014 1554 1420 1289 1028 1193 1235 1533 1731 1911 1553 1966 1722 1815 1140 1891 1646 1167 1634 1347 1661 1328 1703 1670 1583 1145 
1948 1558 1780 1566 1151 2014 0 1384 1437 1480 1547 1652 1072 1112 1749 1985 1345 1926 1759 2007 1960 1302 1929 1160 1560 1481 1494 1341 1737 1903 1412 2004 
1279 1247 1464 1257 1507 1554 1384 0 1715 1574 1727 1710 1194 1803 1520 2030 1125 1424 2025 1608 1086 1359 1562 1294 1061 1968 1239 1885 1862 1053 1658 1149 
1370 2008 1747 1717 1392 1420 1437 1715 0 1362 1949 1897 1934 1877 2037 1054 1771 1709 1523 1565 1103 1248 1430 1169 1280 1463 1404 1231 1669 1377 1874 1210 
1812 1024 1275 1898 1983 1289 1480 1574 1362 0 1873 1442 1270 1624 1082 1665 1366 1431 1433 1079 1882 1802 1913 1278 1647 1337 1035 2003 1811 1344 1238 1078 
1325 1310 1805 1697 1677 1028 1547 1727 1949 1873 0 1868 1493 1860 2047 1640 1690 1097 1824 1221 1648 1750 1774 1878 1807 1188 1043 1209 1388 1249 1941 1988 
1826 1623 1447 1393 1819 1193 1652 1710 1897 1442 1868 0 1468 1258 2048 1942 1152 1373 1051 1538 1115 1822 1522 1843 1738 1721 2039 1434 1618 1164 1450 1889 
1890 1827 1376 1696 1044 1235 1072 1194 1934 1270 1493 1468 0 1711 1866 1123 1323 1216 1098 1675 1663 1792 1439 1739 1840 1413 1795 1629 1693 1101 1355 1829 
1718 1071 1129 1595 1087 1533 1112 1803 1877 1624 1860 1258 1711 0 1372 1851 1630 1218 1389 1976 1899 1796 1229 1039 1785 1907 1528 1594 1295 1056 1441 1776 
1246 1622 1148 1090 1408 1731 1749 1520 2037 1082 2047 2048 1866 1372 0 1395 1532 1104 1124 1799 1114 1957 1571 2023 1839 1343 1973 1265 1070 1153 1586 1274 
1987 1895 1134 1612 1760 1911 1985 2030 1054 1665 1640 1942 1123 1851 1395 0 1943 1924 1813 1880 1375 1177 1534 1922 1673 1729 1094 1027 1081 1678 1818 2044 
1505 1847 1633 1537 1588 1553 1345 1125 1771 1366 1690 1152 1323 1630 1532 1943 0 1704 1875 1712 1790 1572 2019 1175 1756 1643 1626 1702 1111 1351 1935 1155 
1828 1529 1398 1581 1456 1966 1926 1424 1709 1431 1097 1373 1216 1218 1104 1924 1704 0 1870 1831 1084 1060 1761 1406 1187 1363 1334 1425 1170 1744 2036 1255 
2038 1786 1432 1714 1944 1722 1759 2025 1523 1433 1824 1051 1098 1389 1124 1813 1875 1870 0 1272 1088 1664 1207 1458 1063 1449 1733 1686 1451 1168 1232 2010 
1798 1772 1902 1358 1446 1815 2007 1608 1565 1079 1221 1538 1675 1976 1799 1880 1712 1831 1272 0 1313 1213 1161 1241 2005 1917 1606 1994 1307 1979 1491 1645 
1251 1379 1699 1619 1154 1140 1960 1086 1103 1882 1648 1115 1663 1899 1114 1375 1790 1084 1088 1313 0 1321 1403 1266 1631 1204 1059 1621 1096 1263 1260 1206 
1176 1916 1732 1126 1723 1891 1302 1359 1248 1802 1750 1822 1792 1796 1957 1177 1572 1060 1664 1213 1321 0 1219 1195 1846 1692 1504 1906 1584 1085 1848 1236 
2000 1314 1483 1651 1716 1646 1929 1562 1430 1913 1774 1522 1439 1229 1571 1534 2019 1761 1207 1161 1403 1219 0 1320 1329 1497 1381 1228 1989 1503 1029 1530 
1881 1357 1146 1887 1484 1167 1160 1294 1169 1278 1878 1843 1739 1039 2023 1922 1175 1406 1458 1241 1266 1195 1320 0 1173 1567 1993 1713 1283 1850 1109 1757 
1984 2018 1068 1080 1490 1634 1560 1061 1280 1647 1807 1738 1840 1785 1839 1673 1756 1187 1063 2005 1631 1846 1329 1173 0 1396 1743 1304 1517 1956 1763 1754 
1724 1545 1568 1577 1653 1347 1481 1968 1463 1337 1188 1721 1413 1907 1343 1729 1643 1363 1449 1917 1204 1692 1497 1567 1396 0 2020 1390 1440 1963 1032 1591 
1197 1557 1998 1100 1980 1661 1494 1239 1404 1035 1043 2039 1795 1528 1973 1094 1626 1334 1733 1606 1059 1504 1381 1993 1743 2020 0 1183 1991 1996 1062 1638 
1659 1225 1478 1311 1049 1328 1341 1885 1231 2003 1209 1434 1629 1594 1265 1027 1702 1425 1686 1994 1621 1906 1228 1713 1304 1390 1183 0 1253 1644 1144 1327 
1817 1838 1057 1457 1781 1703 1737 1862 1669 1811 1388 1618 1693 1295 1070 1081 1111 1170 1451 1307 1096 1584 1989 1283 1517 1440 1991 1253 0 1317 1371 1541 
1045 1539 1611 1765 1849 1670 1903 1053 1377 1344 1249 1164 1101 1056 1153 1678 1351 1744 1168 1979 1263 1085 1503 1850 1956 1963 1996 1644 1317 0 1335 1854 
1120 1026 1698 1378 1511 1583 1412 1658 1874 1238 1941 1450 1355 1441 1586 1818 1935 2036 1232 1491 1260 1848 1029 1109 1763 1032 1062 1144 1371 1335 0 1601 
1708 1797 1271 1429 1492 1145 2004 1149 1210 1078 1988 1889 1829 1776 1274 2044 1155 1255 2010 1645 1206 1236 1530 1757 1754 1591 1638 1327 1541 1854 1601 0 
